0.0,0.0,-0.5,20.63046478171279,0.0,-0.0,0
0.01,0.0,-0.5,20.63046478171279,0.0,0.005,0.2063046478171279
0.02,0.0,-0.5,20.63046478171279,0.0,0.01,0.4126092956342558
0.03,0.0,-0.5,20.63046478171279,0.0,0.015,0.6189139434513837
0.04,0.0,-0.5,20.63046478171279,0.0,0.02,0.8252185912685116
0.05,0.0,-0.5,20.63046478171279,0.0,0.025,1.0315232390856395
0.06,0.0,-0.5,20.63046478171279,0.0,0.030000000000000002,1.2378278869027675
0.07,0.0,-0.5,20.63046478171279,0.0,0.035,1.4441325347198954
0.08,0.0,-0.5,20.63046478171279,0.0,0.04,1.6504371825370234
0.09,0.0,-0.5,20.63046478171279,0.0,0.045,1.8567418303541514
0.1,0.0,-0.5,20.63046478171279,0.0,0.049999999999999996,2.0630464781712794
0.11,0.0,-0.5,20.63046478171279,0.0,0.05499999999999999,2.269351125988407
0.12,0.0,-0.5,20.63046478171279,0.0,0.05999999999999999,2.475655773805535
0.13,0.0,-0.5,20.63046478171279,0.0,0.06499999999999999,2.6819604216226627
0.14,0.0,-0.5,20.63046478171279,0.0,0.06999999999999999,2.8882650694397904
0.15,0.0,-0.5,20.63046478171279,0.0,0.075,3.094569717256918
0.16,0.0,-0.5,20.63046478171279,0.0,0.08,3.300874365074046
0.17,0.0,-0.5,20.63046478171279,0.0,0.085,3.5071790128911737
0.18,0.0,-0.5,20.63046478171279,0.0,0.09000000000000001,3.7134836607083015
0.19,0.0,-0.5,20.63046478171279,0.0,0.09500000000000001,3.9197883085254293
0.2,0.0,-0.5,20.63046478171279,0.0,0.10000000000000002,4.126092956342557
0.21,0.0,-0.5,20.63046478171279,0.0,0.10500000000000002,4.332397604159685
0.22,0.0,-0.5,20.63046478171279,0.0,0.11000000000000003,4.538702251976813
0.23,0.0,-0.5,20.63046478171279,0.0,0.11500000000000003,4.745006899793942
0.24,0.0,-0.5,20.63046478171279,0.0,0.12000000000000004,4.95131154761107
0.25,0.0,-0.5,20.63046478171279,0.0,0.12500000000000003,5.157616195428198
0.26,0.0,-0.5,20.63046478171279,0.0,0.13000000000000003,5.363920843245326
0.27,0.0,-0.5,20.63046478171279,0.0,0.13500000000000004,5.5702254910624545
0.28,0.0,-0.5,20.63046478171279,0.0,0.14000000000000004,5.776530138879583
0.29,0.0,-0.5,20.63046478171279,0.0,0.14500000000000005,5.982834786696711
0.3,0.0,-0.5,20.63046478171279,0.0,0.15000000000000005,6.189139434513839
0.31,0.0,-0.5,20.63046478171279,0.0,0.15500000000000005,6.395444082330967
0.32,0.0,-0.5,20.63046478171279,0.0,0.16000000000000006,6.6017487301480955
0.33,0.0,-0.5,20.63046478171279,0.0,0.16500000000000006,6.808053377965224
0.34,0.0,-0.5,20.63046478171279,0.0,0.17000000000000007,7.014358025782352
0.35000000000000003,0.0,-0.5,20.63046478171279,0.0,0.17500000000000007,7.22066267359948
0.36,0.0,-0.5,20.63046478171279,0.0,0.18000000000000008,7.426967321416608
0.37,0.0,-0.5,20.63046478171279,0.0,0.18500000000000008,7.6332719692337365
0.38,0.0,-0.5,20.63046478171279,0.0,0.19000000000000009,7.839576617050865
0.39,0.0,-0.5,20.63046478171279,0.0,0.1950000000000001,8.045881264867992
0.4,0.0,-0.5,20.63046478171279,0.0,0.2000000000000001,8.25218591268512
0.41000000000000003,0.0,-0.5,20.63046478171279,0.0,0.2050000000000001,8.458490560502247
0.42,0.0,-0.5,20.63046478171279,0.0,0.2100000000000001,8.664795208319374
0.43,0.0,-0.5,20.63046478171279,0.0,0.2150000000000001,8.871099856136501
0.44,0.0,-0.5,20.63046478171279,0.0,0.2200000000000001,9.077404503953629
0.45,0.0,-0.5,20.63046478171279,0.0,0.22500000000000012,9.283709151770756
0.46,0.0,-0.5,20.63046478171279,0.0,0.23000000000000012,9.490013799587883
0.47000000000000003,0.0,-0.5,20.63046478171279,0.0,0.23500000000000013,9.69631844740501
0.48,0.0,-0.5,20.63046478171279,0.0,0.24000000000000013,9.902623095222138
0.49,0.0,-0.5,20.63046478171279,0.0,0.24500000000000013,10.108927743039265
0.5,0.0,-0.5,20.63046478171279,0.0,0.2500000000000001,10.315232390856393
0.51,0.0,-0.5,20.63046478171279,0.0,0.2550000000000001,10.52153703867352
0.52,0.0,-0.5,20.63046478171279,0.0,0.2600000000000001,10.727841686490647
0.53,0.0,-0.5,20.63046478171279,0.0,0.2650000000000001,10.934146334307774
0.54,0.0,-0.5,20.63046478171279,0.0,0.27000000000000013,11.140450982124902
0.55,0.0,-0.5,20.63046478171279,0.0,0.27500000000000013,11.34675562994203
0.56,0.0,-0.5,20.63046478171279,0.0,0.28000000000000014,11.553060277759156
0.5700000000000001,0.0,-0.5,20.63046478171279,0.0,0.28500000000000014,11.759364925576284
0.58,0.0,-0.5,20.63046478171279,0.0,0.29000000000000015,11.965669573393411
0.59,0.0,-0.5,20.63046478171279,0.0,0.29500000000000015,12.171974221210538
0.6,0.0,-0.5,20.63046478171279,0.0,0.30000000000000016,12.378278869027666
0.61,0.0,-0.5,20.63046478171279,0.0,0.30500000000000016,12.584583516844793
0.62,0.0,-0.5,20.63046478171279,0.0,0.31000000000000016,12.79088816466192
0.63,0.0,-0.5,20.63046478171279,0.0,0.31500000000000017,12.997192812479048
0.64,0.0,-0.5,20.63046478171279,0.0,0.3200000000000002,13.203497460296175
0.65,0.0,-0.5,20.63046478171279,0.0,0.3250000000000002,13.409802108113302
0.66,0.0,-0.5,20.63046478171279,0.0,0.3300000000000002,13.61610675593043
0.67,0.0,-0.5,20.63046478171279,0.0,0.3350000000000002,13.822411403747557
0.68,0.0,-0.5,20.63046478171279,0.0,0.3400000000000002,14.028716051564684
0.6900000000000001,0.0,-0.5,20.63046478171279,0.0,0.3450000000000002,14.235020699381812
0.7000000000000001,0.0,-0.5,20.63046478171279,0.0,0.3500000000000002,14.441325347198939
0.71,0.0,-0.5,20.63046478171279,0.0,0.3550000000000002,14.647629995016066
0.72,0.0,-0.5,20.63046478171279,0.0,0.3600000000000002,14.853934642833194
0.73,0.0,-0.5,20.63046478171279,0.0,0.3650000000000002,15.06023929065032
0.74,0.0,-0.5,20.63046478171279,0.0,0.3700000000000002,15.266543938467448
0.75,0.0,-0.5,20.63046478171279,0.0,0.3750000000000002,15.472848586284575
0.76,0.0,-0.5,20.63046478171279,0.0,0.3800000000000002,15.679153234101703
0.77,0.0,-0.5,20.63046478171279,0.0,0.38500000000000023,15.88545788191883
0.78,0.0,-0.5,20.63046478171279,0.0,0.39000000000000024,16.09176252973596
0.79,0.0,-0.5,20.63046478171279,0.0,0.39500000000000024,16.298067177553087
0.8,0.0,-0.5,20.63046478171279,0.0,0.40000000000000024,16.504371825370214
0.81,0.0,-0.5,20.63046478171279,0.0,0.40500000000000025,16.71067647318734
0.8200000000000001,0.0,-0.5,20.63046478171279,0.0,0.41000000000000025,16.91698112100447
0.8300000000000001,0.0,-0.5,20.63046478171279,0.0,0.41500000000000026,17.123285768821596
0.84,0.0,-0.5,20.63046478171279,0.0,0.42000000000000026,17.329590416638723
0.85,0.0,-0.5,20.63046478171279,0.0,0.42500000000000027,17.53589506445585
0.86,0.0,-0.5,20.63046478171279,0.0,0.43000000000000027,17.742199712272978
0.87,0.0,-0.5,20.63046478171279,0.0,0.4350000000000003,17.948504360090105
0.88,0.0,-0.5,20.63046478171279,0.0,0.4400000000000003,18.154809007907232
0.89,0.0,-0.5,20.63046478171279,0.0,0.4450000000000003,18.36111365572436
0.9,0.0,-0.5,20.63046478171279,0.0,0.4500000000000003,18.567418303541487
0.91,0.0,-0.5,20.63046478171279,0.0,0.4550000000000003,18.773722951358614
0.92,0.0,-0.5,20.63046478171279,0.0,0.4600000000000003,18.98002759917574
0.93,0.0,-0.5,20.63046478171279,0.0,0.4650000000000003,19.18633224699287
0.9400000000000001,0.0,-0.5,20.63046478171279,0.0,0.4700000000000003,19.392636894809996
0.9500000000000001,0.0,-0.5,20.63046478171279,0.0,0.4750000000000003,19.598941542627124
0.96,0.0,-0.5,20.63046478171279,0.0,0.4800000000000003,19.80524619044425
0.97,0.0,-0.5,20.63046478171279,0.0,0.4850000000000003,20.01155083826138
0.98,0.0,-0.5,20.63046478171279,0.0,0.4900000000000003,20.217855486078506
0.99,0.0,-0.5,20.63046478171279,0.0,0.49500000000000033,20.424160133895633
1.0,0.0,-0.5,20.63046478171279,0.0,0.5000000000000003,20.63046478171276
1.01,0.0,-0.5,20.63046478171279,0.0,0.5050000000000003,20.836769429529888
1.02,0.0,-0.5,20.63046478171279,0.0,0.5100000000000003,21.043074077347015
1.03,0.0,-0.5,20.63046478171279,0.0,0.5150000000000003,21.249378725164142
1.04,0.0,-0.5,20.63046478171279,0.0,0.5200000000000004,21.45568337298127
1.05,0.0,-0.5,20.63046478171279,0.0,0.5250000000000004,21.661988020798397
1.06,0.0,-0.5,20.63046478171279,0.0,0.5300000000000004,21.868292668615524
1.07,0.0,-0.5,20.63046478171279,0.0,0.5350000000000004,22.07459731643265
1.08,0.0,-0.5,20.63046478171279,0.0,0.5400000000000004,22.28090196424978
1.09,0.0,-0.5,20.63046478171279,0.0,0.5450000000000004,22.487206612066906
1.1,0.0,-0.5,20.63046478171279,0.0,0.5500000000000004,22.693511259884033
1.11,0.0,-0.5,20.63046478171279,0.0,0.5550000000000004,22.89981590770116
1.12,0.0,-0.5,20.63046478171279,0.0,0.5600000000000004,23.106120555518288
1.1300000000000001,0.0,-0.5,20.63046478171279,0.0,0.5650000000000004,23.312425203335415
1.1400000000000001,0.0,-0.5,20.63046478171279,0.0,0.5700000000000004,23.518729851152543
1.1500000000000001,0.0,-0.5,20.63046478171279,0.0,0.5750000000000004,23.72503449896967
1.16,0.0,-0.5,20.63046478171279,0.0,0.5800000000000004,23.931339146786797
1.17,0.0,-0.5,20.63046478171279,0.0,0.5850000000000004,24.137643794603925
1.18,0.0,-0.5,20.63046478171279,0.0,0.5900000000000004,24.343948442421052
1.19,0.0,-0.5,20.63046478171279,0.0,0.5950000000000004,24.55025309023818
1.2,0.0,-0.5,20.63046478171279,0.0,0.6000000000000004,24.756557738055307
1.21,0.0,-0.5,20.63046478171279,0.0,0.6050000000000004,24.962862385872434
1.22,0.0,-0.5,20.63046478171279,0.0,0.6100000000000004,25.16916703368956
1.23,0.0,-0.5,20.63046478171279,0.0,0.6150000000000004,25.37547168150669
1.24,0.0,-0.5,20.63046478171279,0.0,0.6200000000000004,25.581776329323816
1.25,0.0,-0.5,20.63046478171279,0.0,0.6250000000000004,25.788080977140943
1.26,0.0,-0.5,20.63046478171279,0.0,0.6300000000000004,25.99438562495807
1.27,0.0,-0.5,20.63046478171279,0.0,0.6350000000000005,26.200690272775198
1.28,0.0,-0.5,20.63046478171279,0.0,0.6400000000000005,26.406994920592325
1.29,0.0,-0.5,20.63046478171279,0.0,0.6450000000000005,26.613299568409452
1.3,0.0,-0.5,20.63046478171279,0.0,0.6500000000000005,26.81960421622658
1.31,0.0,-0.5,20.63046478171279,0.0,0.6550000000000005,27.025908864043707
1.32,0.0,-0.5,20.63046478171279,0.0,0.6600000000000005,27.232213511860834
1.33,0.0,-0.5,20.63046478171279,0.0,0.6650000000000005,27.43851815967796
1.34,0.0,-0.5,20.63046478171279,0.0,0.6700000000000005,27.64482280749509
1.35,0.0,-0.5,20.63046478171279,0.0,0.6750000000000005,27.851127455312216
1.36,0.0,-0.5,20.63046478171279,0.0,0.6800000000000005,28.057432103129344
1.37,0.0,-0.5,20.63046478171279,0.0,0.6850000000000005,28.26373675094647
1.3800000000000001,0.0,-0.5,20.63046478171279,0.0,0.6900000000000005,28.4700413987636
1.3900000000000001,0.0,-0.5,20.63046478171279,0.0,0.6950000000000005,28.676346046580726
1.4000000000000001,0.0,-0.5,20.63046478171279,0.0,0.7000000000000005,28.882650694397853
1.41,0.0,-0.5,20.63046478171279,0.0,0.7050000000000005,29.08895534221498
1.42,0.0,-0.5,20.63046478171279,0.0,0.7100000000000005,29.295259990032108
1.43,0.0,-0.5,20.63046478171279,0.0,0.7150000000000005,29.501564637849235
1.44,0.0,-0.5,20.63046478171279,0.0,0.7200000000000005,29.707869285666362
1.45,0.0,-0.5,20.63046478171279,0.0,0.7250000000000005,29.91417393348349
1.46,0.0,-0.5,20.63046478171279,0.0,0.7300000000000005,30.120478581300617
1.47,0.0,-0.5,20.63046478171279,0.0,0.7350000000000005,30.326783229117744
1.48,0.0,-0.5,20.63046478171279,0.0,0.7400000000000005,30.53308787693487
1.49,0.0,-0.5,20.63046478171279,0.0,0.7450000000000006,30.739392524752
1.5,0.0,-0.5,20.63046478171279,0.0,0.7500000000000006,30.945697172569126
1.51,0.0,-0.5,20.63046478171279,0.0,0.7550000000000006,31.152001820386253
1.52,0.0,-0.5,20.63046478171279,0.0,0.7600000000000006,31.35830646820338
1.53,0.0,-0.5,20.63046478171279,0.0,0.7650000000000006,31.564611116020508
1.54,0.0,-0.5,20.63046478171279,0.0,0.7700000000000006,31.770915763837635
1.55,0.0,-0.5,20.63046478171279,0.0,0.7750000000000006,31.977220411654763
1.56,0.0,-0.5,20.63046478171279,0.0,0.7800000000000006,32.18352505947189
1.57,0.0,-0.5,20.63046478171279,0.0,0.7850000000000006,32.38982970728902
1.58,0.0,-0.5,20.63046478171279,0.0,0.7900000000000006,32.596134355106145
1.59,0.0,-0.5,20.63046478171279,0.0,0.7950000000000006,32.80243900292327
1.6,0.0,-0.5,20.63046478171279,0.0,0.8000000000000006,33.0087436507404
1.61,0.0,-0.5,20.63046478171279,0.0,0.8050000000000006,33.21504829855753
1.62,0.0,-0.5,20.63046478171279,0.0,0.8100000000000006,33.421352946374654
1.6300000000000001,0.0,-0.5,20.63046478171279,0.0,0.8150000000000006,33.62765759419178
1.6400000000000001,0.0,-0.5,20.63046478171279,0.0,0.8200000000000006,33.83396224200891
1.6500000000000001,0.0,-0.5,20.63046478171279,0.0,0.8250000000000006,34.040266889826036
1.6600000000000001,0.0,-0.5,20.63046478171279,0.0,0.8300000000000006,34.24657153764316
1.67,0.0,-0.5,20.63046478171279,0.0,0.8350000000000006,34.45287618546029
1.68,0.0,-0.5,20.63046478171279,0.0,0.8400000000000006,34.65918083327742
1.69,0.0,-0.5,20.63046478171279,0.0,0.8450000000000006,34.865485481094545
1.7,0.0,-0.5,20.63046478171279,0.0,0.8500000000000006,35.07179012891167
1.71,0.0,-0.5,20.63046478171279,0.0,0.8550000000000006,35.2780947767288
1.72,0.0,-0.5,20.63046478171279,0.0,0.8600000000000007,35.48439942454593
1.73,0.0,-0.5,20.63046478171279,0.0,0.8650000000000007,35.690704072363054
1.74,0.0,-0.5,20.63046478171279,0.0,0.8700000000000007,35.89700872018018
1.75,0.0,-0.5,20.63046478171279,0.0,0.8750000000000007,36.10331336799731
1.76,0.0,-0.5,20.63046478171279,0.0,0.8800000000000007,36.309618015814436
1.77,0.0,-0.5,20.63046478171279,0.0,0.8850000000000007,36.515922663631564
1.78,0.0,-0.5,20.63046478171279,0.0,0.8900000000000007,36.72222731144869
1.79,0.0,-0.5,20.63046478171279,0.0,0.8950000000000007,36.92853195926582
1.8,0.0,-0.5,20.63046478171279,0.0,0.9000000000000007,37.134836607082946
1.81,0.0,-0.5,20.63046478171279,0.0,0.9050000000000007,37.34114125490007
1.82,0.0,-0.5,20.63046478171279,0.0,0.9100000000000007,37.5474459027172
1.83,0.0,-0.5,20.63046478171279,0.0,0.9150000000000007,37.75375055053433
1.84,0.0,-0.5,20.63046478171279,0.0,0.9200000000000007,37.960055198351455
1.85,0.0,-0.5,20.63046478171279,0.0,0.9250000000000007,38.16635984616858
1.86,0.0,-0.5,20.63046478171279,0.0,0.9300000000000007,38.37266449398571
1.87,0.0,-0.5,20.63046478171279,0.0,0.9350000000000007,38.57896914180284
1.8800000000000001,0.0,-0.5,20.63046478171279,0.0,0.9400000000000007,38.785273789619964
1.8900000000000001,0.0,-0.5,20.63046478171279,0.0,0.9450000000000007,38.99157843743709
1.9000000000000001,0.0,-0.5,20.63046478171279,0.0,0.9500000000000007,39.19788308525422
1.9100000000000001,0.0,-0.5,20.63046478171279,0.0,0.9550000000000007,39.404187733071346
1.92,0.0,-0.5,20.63046478171279,0.0,0.9600000000000007,39.61049238088847
1.93,0.0,-0.5,20.63046478171279,0.0,0.9650000000000007,39.8167970287056
1.94,0.0,-0.5,20.63046478171279,0.0,0.9700000000000008,40.02310167652273
1.95,0.0,-0.5,20.63046478171279,0.0,0.9750000000000008,40.229406324339855
1.96,0.0,-0.5,20.63046478171279,0.0,0.9800000000000008,40.43571097215698
1.97,0.0,-0.5,20.63046478171279,0.0,0.9850000000000008,40.64201561997411
1.98,0.0,-0.5,20.63046478171279,0.0,0.9900000000000008,40.84832026779124
1.99,0.0,-0.5,20.63046478171279,0.0,0.9950000000000008,41.054624915608365
2.0,0.0,-0.5,20.63046478171279,0.0,1.0000000000000007,41.26092956342549
2.0100000000000002,0.0,-0.5,20.63046478171279,0.0,1.0050000000000006,41.46723421124262
2.02,0.0,-0.5,20.63046478171279,0.0,1.0100000000000005,41.67353885905975
2.0300000000000002,0.0,-0.5,20.63046478171279,0.0,1.0150000000000003,41.879843506876874
2.04,0.0,-0.5,20.63046478171279,0.0,1.0200000000000002,42.086148154694
2.05,0.0,-0.5,20.63046478171279,0.0,1.0250000000000001,42.29245280251113
2.06,0.0,-0.5,20.63046478171279,0.0,1.03,42.498757450328256
2.07,0.0,-0.5,20.63046478171279,0.0,1.035,42.70506209814538
2.08,0.0,-0.5,20.63046478171279,0.0,1.0399999999999998,42.91136674596251
2.09,0.0,-0.5,20.63046478171279,0.0,1.0449999999999997,43.11767139377964
2.1,0.0,-0.5,20.63046478171279,0.0,1.0499999999999996,43.323976041596765
2.11,0.0,-0.5,20.63046478171279,0.0,1.0549999999999995,43.53028068941389
2.12,0.0,-0.5,20.63046478171279,0.0,1.0599999999999994,43.73658533723102
2.13,0.0,-0.5,20.63046478171279,0.0,1.0649999999999993,43.94288998504815
2.14,0.0,-0.5,20.63046478171279,0.0,1.0699999999999992,44.149194632865274
2.15,0.0,-0.5,20.63046478171279,0.0,1.074999999999999,44.3554992806824
2.16,0.0,-0.5,20.63046478171279,0.0,1.079999999999999,44.56180392849953
2.17,0.0,-0.5,20.63046478171279,0.0,1.0849999999999989,44.768108576316656
2.18,0.0,-0.5,20.63046478171279,0.0,1.0899999999999987,44.974413224133784
2.19,0.0,-0.5,20.63046478171279,0.0,1.0949999999999986,45.18071787195091
2.2,0.0,-0.5,20.63046478171279,0.0,1.0999999999999985,45.38702251976804
2.21,0.0,-0.5,20.63046478171279,0.0,1.1049999999999984,45.593327167585166
2.22,0.0,-0.5,20.63046478171279,0.0,1.1099999999999983,45.79963181540229
2.23,0.0,-0.5,20.63046478171279,0.0,1.1149999999999982,46.00593646321942
2.24,0.0,-0.5,20.63046478171279,0.0,1.119999999999998,46.21224111103655
2.25,0.0,-0.5,20.63046478171279,0.0,1.124999999999998,46.418545758853675
2.2600000000000002,0.0,-0.5,20.63046478171279,0.0,1.129999999999998,46.6248504066708
2.27,0.0,-0.5,20.63046478171279,0.0,1.1349999999999978,46.83115505448793
2.2800000000000002,0.0,-0.5,20.63046478171279,0.0,1.1399999999999977,47.03745970230506
2.29,0.0,-0.5,20.63046478171279,0.0,1.1449999999999976,47.243764350122184
2.3000000000000003,0.0,-0.5,20.63046478171279,0.0,1.1499999999999975,47.45006899793931
2.31,0.0,-0.5,20.63046478171279,0.0,1.1549999999999974,47.65637364575644
2.32,0.0,-0.5,20.63046478171279,0.0,1.1599999999999973,47.862678293573566
2.33,0.0,-0.5,20.63046478171279,0.0,1.1649999999999971,48.06898294139069
2.34,0.0,-0.5,20.63046478171279,0.0,1.169999999999997,48.27528758920782
2.35,0.0,-0.5,20.63046478171279,0.0,1.174999999999997,48.48159223702495
2.36,0.0,-0.5,20.63046478171279,0.0,1.1799999999999968,48.687896884842075
2.37,0.0,-0.5,20.63046478171279,0.0,1.1849999999999967,48.8942015326592
2.38,0.0,-0.5,20.63046478171279,0.0,1.1899999999999966,49.10050618047633
2.39,0.0,-0.5,20.63046478171279,0.0,1.1949999999999965,49.30681082829346
2.4,0.0,-0.5,20.63046478171279,0.0,1.1999999999999964,49.513115476110585
2.41,0.0,-0.5,20.63046478171279,0.0,1.2049999999999963,49.71942012392771
2.42,0.0,-0.5,20.63046478171279,0.0,1.2099999999999962,49.92572477174484
2.43,0.0,-0.5,20.63046478171279,0.0,1.214999999999996,50.13202941956197
2.44,0.0,-0.5,20.63046478171279,0.0,1.219999999999996,50.338334067379094
2.45,0.0,-0.5,20.63046478171279,0.0,1.2249999999999959,50.54463871519622
2.46,0.0,-0.5,20.63046478171279,0.0,1.2299999999999958,50.75094336301335
2.47,0.0,-0.5,20.63046478171279,0.0,1.2349999999999957,50.957248010830476
2.48,0.0,-0.5,20.63046478171279,0.0,1.2399999999999956,51.1635526586476
2.49,0.0,-0.5,20.63046478171279,0.0,1.2449999999999954,51.36985730646473
2.5,0.0,-0.5,20.63046478171279,0.0,1.2499999999999953,51.57616195428186
2.5100000000000002,0.0,-0.5,20.63046478171279,0.0,1.2549999999999952,51.782466602098985
2.52,0.0,-0.5,20.63046478171279,0.0,1.2599999999999951,51.98877124991611
2.5300000000000002,0.0,-0.5,20.63046478171279,0.0,1.264999999999995,52.19507589773324
2.54,0.0,-0.5,20.63046478171279,0.0,1.269999999999995,52.40138054555037
2.5500000000000003,0.0,-0.5,20.63046478171279,0.0,1.2749999999999948,52.607685193367494
2.56,0.0,-0.5,20.63046478171279,0.0,1.2799999999999947,52.81398984118462
2.57,0.0,-0.5,20.63046478171279,0.0,1.2849999999999946,53.02029448900175
2.58,0.0,-0.5,20.63046478171279,0.0,1.2899999999999945,53.226599136818876
2.59,0.0,-0.5,20.63046478171279,0.0,1.2949999999999944,53.432903784636004
2.6,0.0,-0.5,20.63046478171279,0.0,1.2999999999999943,53.63920843245313
2.61,0.0,-0.5,20.63046478171279,0.0,1.3049999999999942,53.84551308027026
2.62,0.0,-0.5,20.63046478171279,0.0,1.309999999999994,54.051817728087386
2.63,0.0,-0.5,20.63046478171279,0.0,1.314999999999994,54.25812237590451
2.64,0.0,-0.5,20.63046478171279,0.0,1.3199999999999938,54.46442702372164
2.65,0.0,-0.5,20.63046478171279,0.0,1.3249999999999937,54.67073167153877
2.66,0.0,-0.5,20.63046478171279,0.0,1.3299999999999936,54.877036319355895
2.67,0.0,-0.5,20.63046478171279,0.0,1.3349999999999935,55.08334096717302
2.68,0.0,-0.5,20.63046478171279,0.0,1.3399999999999934,55.28964561499015
2.69,0.0,-0.5,20.63046478171279,0.0,1.3449999999999933,55.49595026280728
2.7,0.0,-0.5,20.63046478171279,0.0,1.3499999999999932,55.702254910624404
2.71,0.0,-0.5,20.63046478171279,0.0,1.354999999999993,55.90855955844153
2.72,0.0,-0.5,20.63046478171279,0.0,1.359999999999993,56.11486420625866
2.73,0.0,-0.5,20.63046478171279,0.0,1.3649999999999929,56.321168854075786
2.74,0.0,-0.5,20.63046478171279,0.0,1.3699999999999928,56.52747350189291
2.75,0.0,-0.5,20.63046478171279,0.0,1.3749999999999927,56.73377814971004
2.7600000000000002,0.0,-0.5,20.63046478171279,0.0,1.3799999999999926,56.94008279752717
2.77,0.0,-0.5,20.63046478171279,0.0,1.3849999999999925,57.146387445344295
2.7800000000000002,0.0,-0.5,20.63046478171279,0.0,1.3899999999999924,57.35269209316142
2.79,0.0,-0.5,20.63046478171279,0.0,1.3949999999999922,57.55899674097855
2.8000000000000003,0.0,-0.5,20.63046478171279,0.0,1.3999999999999921,57.76530138879568
2.81,0.0,-0.5,20.63046478171279,0.0,1.404999999999992,57.971606036612805
2.82,0.0,-0.5,20.63046478171279,0.0,1.409999999999992,58.17791068442993
2.83,0.0,-0.5,20.63046478171279,0.0,1.4149999999999918,58.38421533224706
2.84,0.0,-0.5,20.63046478171279,0.0,1.4199999999999917,58.59051998006419
2.85,0.0,-0.5,20.63046478171279,0.0,1.4249999999999916,58.796824627881314
2.86,0.0,-0.5,20.63046478171279,0.0,1.4299999999999915,59.00312927569844
2.87,0.0,-0.5,20.63046478171279,0.0,1.4349999999999914,59.20943392351557
2.88,0.0,-0.5,20.63046478171279,0.0,1.4399999999999913,59.415738571332696
2.89,0.0,-0.5,20.63046478171279,0.0,1.4449999999999912,59.62204321914982
2.9,0.0,-0.5,20.63046478171279,0.0,1.449999999999991,59.82834786696695
2.91,0.0,-0.5,20.63046478171279,0.0,1.454999999999991,60.03465251478408
2.92,0.0,-0.5,20.63046478171279,0.0,1.4599999999999909,60.240957162601205
2.93,0.0,-0.5,20.63046478171279,0.0,1.4649999999999908,60.44726181041833
2.94,0.0,-0.5,20.63046478171279,0.0,1.4699999999999906,60.65356645823546
2.95,0.0,-0.5,20.63046478171279,0.0,1.4749999999999905,60.85987110605259
2.96,0.0,-0.5,20.63046478171279,0.0,1.4799999999999904,61.066175753869715
2.97,0.0,-0.5,20.63046478171279,0.0,1.4849999999999903,61.27248040168684
2.98,0.0,-0.5,20.63046478171279,0.0,1.4899999999999902,61.47878504950397
2.99,0.0,-0.5,20.63046478171279,0.0,1.4949999999999901,61.6850896973211
3.0,0.0,-0.5,20.63046478171279,0.0,1.49999999999999,61.891394345138224
3.0100000000000002,0.0,-0.5,20.63046478171279,0.0,1.50499999999999,62.09769899295535
3.02,0.0,-0.5,20.63046478171279,0.0,1.5099999999999898,62.30400364077248
3.0300000000000002,0.0,-0.5,20.63046478171279,0.0,1.5149999999999897,62.510308288589606
3.04,0.0,-0.5,20.63046478171279,0.0,1.5199999999999896,62.71661293640673
3.0500000000000003,0.0,-0.5,20.63046478171279,0.0,1.5249999999999895,62.92291758422386
3.06,0.0,-0.5,20.63046478171279,0.0,1.5299999999999894,63.12922223204099
3.0700000000000003,0.0,-0.5,20.63046478171279,0.0,1.5349999999999893,63.335526879858115
3.08,0.0,-0.5,20.63046478171279,0.0,1.5399999999999892,63.54183152767524
3.09,0.0,-0.5,20.63046478171279,0.0,1.544999999999989,63.74813617549237
3.1,0.0,-0.5,20.63046478171279,0.0,1.549999999999989,63.9544408233095
3.11,0.0,-0.5,20.63046478171279,0.0,1.5549999999999888,64.16074547112663
3.12,0.0,-0.5,20.63046478171279,0.0,1.5599999999999887,64.36705011894377
3.13,0.0,-0.5,20.63046478171279,0.0,1.5649999999999886,64.5733547667609
3.14,0.0,-0.5,20.63046478171279,0.0,1.5699999999999885,64.77965941457803
3.15,0.0,-0.5,20.63046478171279,0.0,1.5749999999999884,64.98596406239517
3.16,0.0,-0.5,20.63046478171279,0.0,1.5799999999999883,65.1922687102123
3.17,0.0,-0.5,20.63046478171279,0.0,1.5849999999999882,65.39857335802944
3.18,0.0,-0.5,20.63046478171279,0.0,1.589999999999988,65.60487800584657
3.19,0.0,-0.5,20.63046478171279,0.0,1.594999999999988,65.8111826536637
3.2,0.0,-0.5,20.63046478171279,0.0,1.5999999999999879,66.01748730148084
3.21,0.0,-0.5,20.63046478171279,0.0,1.6049999999999878,66.22379194929798
3.22,0.0,-0.5,20.63046478171279,0.0,1.6099999999999877,66.43009659711511
3.23,0.0,-0.5,20.63046478171279,0.0,1.6149999999999876,66.63640124493224
3.24,0.0,-0.5,20.63046478171279,0.0,1.6199999999999875,66.84270589274938
3.25,0.0,-0.5,20.63046478171279,0.0,1.6249999999999873,67.04901054056651
3.2600000000000002,0.0,-0.5,20.63046478171279,0.0,1.6299999999999872,67.25531518838365
3.27,0.0,-0.5,20.63046478171279,0.0,1.6349999999999871,67.46161983620078
3.2800000000000002,0.0,-0.5,20.63046478171279,0.0,1.639999999999987,67.66792448401792
3.29,0.0,-0.5,20.63046478171279,0.0,1.644999999999987,67.87422913183505
3.3000000000000003,0.0,-0.5,20.63046478171279,0.0,1.6499999999999868,68.08053377965219
3.31,0.0,-0.5,20.63046478171279,0.0,1.6549999999999867,68.28683842746932
3.3200000000000003,0.0,-0.5,20.63046478171279,0.0,1.6599999999999866,68.49314307528645
3.33,0.0,-0.5,20.63046478171279,0.0,1.6649999999999865,68.69944772310359
3.34,0.0,-0.5,20.63046478171279,0.0,1.6699999999999864,68.90575237092072
3.35,0.0,-0.5,20.63046478171279,0.0,1.6749999999999863,69.11205701873786
3.36,0.0,-0.5,20.63046478171279,0.0,1.6799999999999862,69.31836166655499
3.37,0.0,-0.5,20.63046478171279,0.0,1.684999999999986,69.52466631437213
3.38,0.0,-0.5,20.63046478171279,0.0,1.689999999999986,69.73097096218926
3.39,0.0,-0.5,20.63046478171279,0.0,1.6949999999999859,69.9372756100064
3.4,0.0,-0.5,20.63046478171279,0.0,1.6999999999999857,70.14358025782353
3.41,0.0,-0.5,20.63046478171279,0.0,1.7049999999999856,70.34988490564066
3.42,0.0,-0.5,20.63046478171279,0.0,1.7099999999999855,70.5561895534578
3.43,0.0,-0.5,20.63046478171279,0.0,1.7149999999999854,70.76249420127493
3.44,0.0,-0.5,20.63046478171279,0.0,1.7199999999999853,70.96879884909207
3.45,0.0,-0.5,20.63046478171279,0.0,1.7249999999999852,71.1751034969092
3.46,0.0,-0.5,20.63046478171279,0.0,1.729999999999985,71.38140814472634
3.47,0.0,-0.5,20.63046478171279,0.0,1.734999999999985,71.58771279254347
3.48,0.0,-0.5,20.63046478171279,0.0,1.739999999999985,71.7940174403606
3.49,0.0,-0.5,20.63046478171279,0.0,1.7449999999999848,72.00032208817774
3.5,0.0,-0.5,20.63046478171279,0.0,1.7499999999999847,72.20662673599487
3.5100000000000002,0.0,-0.5,20.63046478171279,0.0,1.7549999999999846,72.41293138381201
3.52,0.0,-0.5,20.63046478171279,0.0,1.7599999999999845,72.61923603162914
3.5300000000000002,0.0,-0.5,20.63046478171279,0.0,1.7649999999999844,72.82554067944628
3.54,0.0,-0.5,20.63046478171279,0.0,1.7699999999999843,73.03184532726341
3.5500000000000003,0.0,-0.5,20.63046478171279,0.0,1.7749999999999841,73.23814997508055
3.56,0.0,-0.5,20.63046478171279,0.0,1.779999999999984,73.44445462289768
3.5700000000000003,0.0,-0.5,20.63046478171279,0.0,1.784999999999984,73.65075927071481
3.58,0.0,-0.5,20.63046478171279,0.0,1.7899999999999838,73.85706391853195
3.59,0.0,-0.5,20.63046478171279,0.0,1.7949999999999837,74.06336856634908
3.6,0.0,-0.5,20.63046478171279,0.0,1.7999999999999836,74.26967321416622
3.61,0.0,-0.5,20.63046478171279,0.0,1.8049999999999835,74.47597786198335
3.62,0.0,-0.5,20.63046478171279,0.0,1.8099999999999834,74.68228250980049
3.63,0.0,-0.5,20.63046478171279,0.0,1.8149999999999833,74.88858715761762
3.64,0.0,-0.5,20.63046478171279,0.0,1.8199999999999832,75.09489180543476
3.65,0.0,-0.5,20.63046478171279,0.0,1.824999999999983,75.30119645325189
3.66,0.0,-0.5,20.63046478171279,0.0,1.829999999999983,75.50750110106902
3.67,0.0,-0.5,20.63046478171279,0.0,1.8349999999999829,75.71380574888616
3.68,0.0,-0.5,20.63046478171279,0.0,1.8399999999999828,75.9201103967033
3.69,0.0,-0.5,20.63046478171279,0.0,1.8449999999999827,76.12641504452043
3.7,0.0,-0.5,20.63046478171279,0.0,1.8499999999999825,76.33271969233756
3.71,0.0,-0.5,20.63046478171279,0.0,1.8549999999999824,76.5390243401547
3.72,0.0,-0.5,20.63046478171279,0.0,1.8599999999999823,76.74532898797183
3.73,0.0,-0.5,20.63046478171279,0.0,1.8649999999999822,76.95163363578897
3.74,0.0,-0.5,20.63046478171279,0.0,1.8699999999999821,77.1579382836061
3.75,0.0,-0.5,20.63046478171279,0.0,1.874999999999982,77.36424293142323
3.7600000000000002,0.0,-0.5,20.63046478171279,0.0,1.879999999999982,77.57054757924037
3.77,0.0,-0.5,20.63046478171279,0.0,1.8849999999999818,77.7768522270575
3.7800000000000002,0.0,-0.5,20.63046478171279,0.0,1.8899999999999817,77.98315687487464
3.79,0.0,-0.5,20.63046478171279,0.0,1.8949999999999816,78.18946152269177
3.8000000000000003,0.0,-0.5,20.63046478171279,0.0,1.8999999999999815,78.3957661705089
3.81,0.0,-0.5,20.63046478171279,0.0,1.9049999999999814,78.60207081832604
3.8200000000000003,0.0,-0.5,20.63046478171279,0.0,1.9099999999999813,78.80837546614318
3.83,0.0,-0.5,20.63046478171279,0.0,1.9149999999999812,79.01468011396031
3.84,0.0,-0.5,20.63046478171279,0.0,1.919999999999981,79.22098476177744
3.85,0.0,-0.5,20.63046478171279,0.0,1.924999999999981,79.42728940959458
3.86,0.0,-0.5,20.63046478171279,0.0,1.9299999999999808,79.63359405741171
3.87,0.0,-0.5,20.63046478171279,0.0,1.9349999999999807,79.83989870522885
3.88,0.0,-0.5,20.63046478171279,0.0,1.9399999999999806,80.04620335304598
3.89,0.0,-0.5,20.63046478171279,0.0,1.9449999999999805,80.25250800086312
3.9,0.0,-0.5,20.63046478171279,0.0,1.9499999999999804,80.45881264868025
3.91,0.0,-0.5,20.63046478171279,0.0,1.9549999999999803,80.66511729649739
3.92,0.0,-0.5,20.63046478171279,0.0,1.9599999999999802,80.87142194431452
3.93,0.0,-0.5,20.63046478171279,0.0,1.96499999999998,81.07772659213165
3.94,0.0,-0.5,20.63046478171279,0.0,1.96999999999998,81.28403123994879
3.95,0.0,-0.5,20.63046478171279,0.0,1.9749999999999799,81.49033588776592
3.96,0.0,-0.5,20.63046478171279,0.0,1.9799999999999798,81.69664053558306
3.97,0.0,-0.5,20.63046478171279,0.0,1.9849999999999797,81.90294518340019
3.98,0.0,-0.5,20.63046478171279,0.0,1.9899999999999796,82.10924983121733
3.99,0.0,-0.5,20.63046478171279,0.0,1.9949999999999795,82.31555447903446
4.0,0.0,-0.5,20.63046478171279,0.0,1.9999999999999793,82.5218591268516
4.01,0.0,-0.5,20.63046478171279,0.0,2.0049999999999795,82.72816377466873
4.0200000000000005,0.0,-0.5,20.63046478171279,0.0,2.0099999999999794,82.93446842248586
4.03,0.0,-0.5,20.63046478171279,0.0,2.0149999999999793,83.140773070303
4.04,0.0,-0.5,20.63046478171279,0.0,2.019999999999979,83.34707771812013
4.05,0.0,-0.5,20.63046478171279,0.0,2.024999999999979,83.55338236593727
4.0600000000000005,0.0,-0.5,20.63046478171279,0.0,2.029999999999979,83.7596870137544
4.07,0.0,-0.5,20.63046478171279,0.0,2.034999999999979,83.96599166157154
4.08,0.0,-0.5,20.63046478171279,0.0,2.0399999999999787,84.17229630938867
4.09,0.0,-0.5,20.63046478171279,0.0,2.0449999999999786,84.3786009572058
4.1,0.0,-0.5,20.63046478171279,0.0,2.0499999999999785,84.58490560502294
4.11,0.0,-0.5,20.63046478171279,0.0,2.0549999999999784,84.79121025284007
4.12,0.0,-0.5,20.63046478171279,0.0,2.0599999999999783,84.99751490065721
4.13,0.0,-0.5,20.63046478171279,0.0,2.064999999999978,85.20381954847434
4.14,0.0,-0.5,20.63046478171279,0.0,2.069999999999978,85.41012419629148
4.15,0.0,-0.5,20.63046478171279,0.0,2.074999999999978,85.61642884410861
4.16,0.0,-0.5,20.63046478171279,0.0,2.079999999999978,85.82273349192575
4.17,0.0,-0.5,20.63046478171279,0.0,2.0849999999999778,86.02903813974288
4.18,0.0,-0.5,20.63046478171279,0.0,2.0899999999999777,86.23534278756001
4.19,0.0,-0.5,20.63046478171279,0.0,2.0949999999999775,86.44164743537715
4.2,0.0,-0.5,20.63046478171279,0.0,2.0999999999999774,86.64795208319428
4.21,0.0,-0.5,20.63046478171279,0.0,2.1049999999999773,86.85425673101142
4.22,0.0,-0.5,20.63046478171279,0.0,2.1099999999999772,87.06056137882855
4.23,0.0,-0.5,20.63046478171279,0.0,2.114999999999977,87.26686602664569
4.24,0.0,-0.5,20.63046478171279,0.0,2.119999999999977,87.47317067446282
4.25,0.0,-0.5,20.63046478171279,0.0,2.124999999999977,87.67947532227996
4.26,0.0,-0.5,20.63046478171279,0.0,2.129999999999977,87.88577997009709
4.2700000000000005,0.0,-0.5,20.63046478171279,0.0,2.1349999999999767,88.09208461791422
4.28,0.0,-0.5,20.63046478171279,0.0,2.1399999999999766,88.29838926573136
4.29,0.0,-0.5,20.63046478171279,0.0,2.1449999999999765,88.5046939135485
4.3,0.0,-0.5,20.63046478171279,0.0,2.1499999999999764,88.71099856136563
4.3100000000000005,0.0,-0.5,20.63046478171279,0.0,2.1549999999999763,88.91730320918276
4.32,0.0,-0.5,20.63046478171279,0.0,2.159999999999976,89.1236078569999
4.33,0.0,-0.5,20.63046478171279,0.0,2.164999999999976,89.32991250481703
4.34,0.0,-0.5,20.63046478171279,0.0,2.169999999999976,89.53621715263417
4.3500000000000005,0.0,-0.5,20.63046478171279,0.0,2.174999999999976,89.7425218004513
4.36,0.0,-0.5,20.63046478171279,0.0,2.1799999999999757,89.94882644826843
4.37,0.0,-0.5,20.63046478171279,0.0,2.1849999999999756,90.15513109608557
4.38,0.0,-0.5,20.63046478171279,0.0,2.1899999999999755,90.3614357439027